month,station_code,r_amount,r_days,t_mean,t_max,t_min,t_dbulb,t_wbulb,vapor_pressure,rh,mslp,w_dir,w_spd,cloud,tstm,ltng
1,435,249.0,18,25.3,28.4,22.2,25.6,23.7,28.1,85,1013.2,NE,3,6,0,0
2,435,192.7,13,25.5,28.8,22.2,25.7,23.7,28.1,85,1013.2,NE,3,6,0,0
3,435,146.9,9,26.4,30.0,22.8,26.6,24.3,29.1,84,1012.4,NE,2,5,2,1
4,435,84.3,6,27.7,31.8,23.6,27.9,25.4,30.8,82,1010.9,NE,2,5,4,3
5,435,128.2,9,28.3,32.8,23.9,28.7,26.1,32.1,81,1009.3,SW,2,5,14,11
6,435,175.4,11,28.3,32.7,23.9,28.6,26.0,31.9,82,1008.8,SW,2,6,18,15
7,435,229.5,15,27.7,31.8,23.6,27.9,25.6,31.3,83,1008.1,SW,2,7,15,12
8,435,144.4,12,27.8,32.0,23.6,28.0,25.6,31.2,82,1007.7,SW,2,7,12,9
9,435,266.9,15,27.6,31.7,23.5,27.7,25.4,31.0,84,1008.4,SW,2,7,14,10
10,435,456.5,21,27.1,30.7,23.4,27.3,25.2,30.7,84,1009.5,NE,2,7,11,8
11,435,567.0,23,26.6,29.9,23.4,27.0,24.9,30.3,85,1010.7,NE,3,7,6,3
12,435,722.1,23,25.8,28.7,22.8,26.2,24.3,29.3,86,1011.9,NE,3,7,2,1
1,432,25.8,5,26.3,30.1,22.4,26.0,23.5,27.4,81,1012.8,NE,2,5,0,0
2,432,22.1,3,26.7,31.1,22.2,26.5,23.6,27.4,79,1012.8,NE,2,4,0,0
3,432,21.0,3,27.7,32.5,23.0,27.6,24.5,28.7,78,1012.0,NE,2,4,1,1
4,432,25.0,3,29.1,34.3,23.9,29.0,25.5,30.2,75,1010.5,NE,1,4,4,3
5,432,129.4,9,29.3,33.9,24.6,29.2,26.1,31.9,79,1008.9,NE,1,5,14,10
6,432,213.2,13,28.7,32.8,24.6,28.6,26.0,32.1,82,1008.6,SW,1,5,15,14
7,432,338.3,18,27.8,31.5,24.2,27.7,25.7,31.7,85,1008.3,SW,1,6,16,13
8,432,305.5,17,27.7,31.1,24.3,27.7,25.7,31.7,86,1008.0,SW,1,6,11,10
9,432,271.0,16,27.8,31.4,24.2,27.7,25.7,31.9,86,1008.6,SW,1,6,12,11
10,432,192.6,12,27.7,31.6,23.9,27.6,25.4,31.2,85,1009.5,NE,1,5,8,10
11,432,139.6,11,27.5,31.2,23.8,27.4,25.0,30.3,83,1010.5,NE,2,5,2,4
12,432,132.6,9,26.7,30.1,23.3,26.5,24.3,29.0,84,1011.5,NE,2,5,1,1
1,232,95.5,11,24.3,27.7,21.0,24.3,22.6,26.4,87,1014.5,NE,4,6,0,0
2,232,62.2,8,24.8,28.4,21.2,24.8,22.9,26.7,85,1014.6,NE,4,5,0,0
3,232,35.5,4,26.4,30.3,22.6,26.2,24.1,28.6,84,1013.4,NE,4,5,1,0
4,232,38.1,4,28.1,32.2,23.9,27.8,25.4,30.9,83,1011.5,NE,3,4,2,1
5,232,110.6,8,28.9,33.2,24.7,28.6,26.1,32.2,82,1009.2,S,3,5,7,6
6,232,114.9,8,29.4,33.7,25.0,29.2,26.4,32.8,81,1007.9,S,3,5,7,10
7,232,196.1,10,29.0,33.1,24.9,28.7,26.2,32.4,82,1007.2,S,3,5,6,9
8,232,195.0,11,28.7,32.6,24.7,28.4,26.1,32.4,83,1006.7,S,3,6,7,7
9,232,224.5,12,28.3,32.3,24.4,28.1,25.9,32.0,84,1008.0,S,3,5,5,7
10,232,280.9,15,27.6,31.1,24.0,27.4,25.4,31.1,85,1009.2,NE,4,6,3,4
11,232,309.9,15,26.6,29.9,23.3,26.5,24.6,29.9,87,1012.3,NE,4,6,1,1
12,232,229.5,15,24.9,28.0,21.8,24.9,23.3,27.6,88,1014.0,NE,5,6,0,0
1,328,16.4,3,18.1,23.1,13.0,17.4,15.7,16.9,85,1011.5,ESE,2,5,0,0
2,328,23.7,3,18.5,23.7,13.4,17.8,16.1,17.3,85,1011.3,ESE,2,5,1,0
3,328,50.5,5,19.7,24.8,14.5,19.0,17.2,18.5,84,1010.3,ESE,2,5,3,1
4,328,99.5,8,20.7,25.5,15.9,20.1,18.4,20.0,85,1008.9,ESE,2,5,9,6
5,328,340.0,18,20.6,24.7,16.4,20.0,18.7,20.7,88,1007.7,ESE,2,6,18,13
6,328,406.1,19,20.4,24.3,16.5,19.9,18.7,20.8,90,1007.1,SE,2,7,17,14
7,328,772.7,24,19.6,23.1,16.2,19.2,18.2,20.4,92,1006.4,SE,2,7,15,11
8,328,963.2,25,19.3,22.3,16.2,18.8,18.0,20.2,93,1006.4,SE,2,7,13,7
9,328,537.3,22,19.6,23.0,16.1,19.1,18.1,20.3,92,1006.9,SE,2,7,13,8
10,328,477.3,13,19.6,23.6,15.6,19.1,17.9,19.8,90,1007.8,SE,2,6,8,7
11,328,96.1,7,19.5,23.9,15.1,19.0,17.4,19.0,86,1009.2,ESE,2,5,3,2
12,328,41.6,5,18.8,23.5,14.1,18.2,16.6,17.9,85,1010.4,ESE,2,5,1,0
1,334,227.4,13,24.5,27.7,21.3,24.1,22.4,26.0,86,1010.3,N,2,6,0,0
2,334,182.0,11,24.9,28.4,21.4,24.4,22.6,26.3,86,1009.4,N,2,6,0,0
3,334,193.7,13,25.9,29.6,22.3,25.4,23.5,27.9,86,1008.5,S,2,5,1,1
4,334,203.2,13,27.1,30.9,23.4,26.6,24.7,29.9,86,1006.9,SE,2,5,3,4
5,334,296.6,14,27.8,31.5,24.2,27.4,25.4,31.2,85,1004.6,SE,2,5,14,13
6,334,246.7,14,28.2,31.8,24.6,27.8,25.6,31.4,84,1003.4,W,2,6,13,15
7,334,286.0,16,27.7,31.2,24.2,27.4,25.1,30.6,84,1001.8,W,3,6,12,13
8,334,169.9,13,27.9,31.5,24.4,27.5,25.1,30.3,83,1001.8,W,3,6,10,11
9,334,317.1,15,27.8,31.4,24.1,27.3,25.1,30.4,84,1002.4,W,3,6,11,12
10,334,394.4,16,27.2,30.7,23.7,26.7,24.7,29.8,85,1004.2,S,2,6,8,9
11,334,385.9,14,26.2,29.5,22.9,25.9,24.2,29.1,87,1007.0,N,2,6,3,3
12,334,454.1,15,25.0,28.0,22.0,24.8,23.1,27.3,87,1007.7,N,2,7,1,0
1,134,146.0,15,21.3,24.1,18.5,21.9,19.5,21.2,80,1016.6,NE,6,6,0,0
2,134,91.1,9,21.9,24.8,19.1,22.4,20.1,22.3,82,1016.1,E,6,5,0,0
3,134,55.1,7,23.0,26.0,20.0,23.4,21.2,23.9,82,1014.7,NE,5,5,0,0
4,134,56.4,5,25.1,28.1,22.1,25.4,23.2,27.2,84,1012.3,E,5,5,1,1
5,134,215.0,11,26.8,29.8,23.8,27.1,25.0,30.5,85,1009.4,W,4,5,6,5
6,134,183.4,12,27.5,30.4,24.7,27.9,25.8,32.0,85,1007.7,S,5,5,5,6
7,134,230.5,13,27.5,30.4,24.6,28.0,25.9,32.1,85,1007.0,SE,5,5,4,5
8,134,321.1,16,27.2,30.0,24.4,27.6,25.7,31.8,86,1005.9,W,5,6,6,5
9,134,343.3,17,26.7,29.5,23.8,27.2,25.2,30.9,86,1007.9,E,5,5,4,4
10,134,260.7,14,25.5,28.3,22.6,26.1,23.9,28.2,83,1011.2,E,6,5,2,1
11,134,268.6,16,24.2,26.9,21.4,24.7,22.6,26.2,84,1013.9,E,6,6,1,0
12,134,158.0,15,21.9,24.7,19.1,22.5,20.2,22.4,82,1015.9,NE,6,6,0,0
1,553,697.0,25,26.3,29.6,22.9,26.1,24.7,30.2,89,1011.0,NE,2,6,1,0
2,553,532.7,20,26.3,29.8,22.8,26.1,24.6,30.0,89,1011.6,NE,2,6,1,0
3,553,407.3,19,26.8,30.5,23.0,26.6,25.0,30.6,88,1011.0,NE,2,6,1,0
4,553,234.8,17,27.5,31.3,23.6,27.4,25.6,31.6,87,1010.1,E,2,5,2,1
5,553,220.8,16,27.9,31.8,24.0,27.9,26.0,32.4,86,1009.2,E,1,5,7,3
6,553,260.2,17,27.8,31.8,23.9,27.7,25.9,32.2,87,1008.9,E,1,6,9,6
7,553,244.0,16,27.7,31.7,23.6,27.5,25.6,31.7,86,1008.7,W,1,6,8,6
8,553,165.8,12,28.0,32.2,23.7,27.8,25.7,31.7,85,1008.4,W,1,6,8,6
9,553,193.8,14,27.9,31.9,23.9,27.5,25.7,31.8,87,1008.9,W,1,6,9,7
10,553,336.9,18,27.5,31.6,23.5,27.3,25.6,31.6,87,1009.3,W,1,6,8,5
11,553,525.3,23,27.2,30.8,23.6,27.0,25.5,31.7,89,1009.6,NE,2,6,4,2
12,553,775.7,26,26.8,30.2,23.3,26.7,25.2,31.2,89,1010.0,NE,2,6,3,1
1,752,326.4,18,26.6,30.2,23.0,26.1,24.5,29.7,88,1011.6,NW,1,6,3,3
2,752,234.5,13,26.9,30.8,22.9,26.4,24.4,29.4,85,1012.0,NW,2,6,3,2
3,752,148.9,13,27.6,31.8,23.3,27.1,24.8,29.9,83,1011.7,ESE,2,6,5,3
4,752,116.9,10,28.5,33.0,24.0,28.0,25.5,30.9,82,1010.9,NNW,2,5,7,6
5,752,111.4,11,29.2,33.7,24.7,28.7,26.1,32.1,82,1010.1,ESE,2,5,15,14
6,752,174.3,14,28.9,33.2,24.5,28.2,25.8,31.8,83,1009.9,N,2,6,16,15
7,752,152.4,13,28.5,32.7,24.3,28.0,25.6,31.3,83,1009.7,N,2,6,13,15
8,752,114.4,10,28.6,32.9,24.4,28.2,25.6,31.2,82,1009.7,N,2,6,12,15
9,752,126.5,10,28.6,32.9,24.2,28.1,25.6,31.2,82,1010.0,N,2,6,13,16
10,752,170.4,13,28.4,32.6,24.2,27.9,25.6,31.3,84,1010.0,N,2,6,15,16
11,752,197.8,15,27.8,31.7,23.8,27.2,25.3,31.0,86,1010.0,NW,1,6,10,10
12,752,251.8,17,27.4,31.1,23.6,26.8,25.1,30.7,87,1010.5,NNW,1,6,6,5
1,329,6.7,2,,,,25.6,22.6,28.00,84,1014.3,NE,1,4,,
2,329,24.7,3,,,,25.7,22.7,28.40,83,1014.5,N,1,3,,
3,329,22.4,3,,,,27.3,23.9,29.30,80,1014.3,E,1,3,,
4,329,32.9,3,,,,29.9,25.6,30.60,79,1013.3,N,1,3,,
5,329,208.3,12,,,,30.4,26.7,31.90,82,1012.4,S,0,3,,
6,329,184.3,14,,,,28.5,26.4,32.00,87,1011.5,S,0,5,,
7,329,341.5,18,,,,22.3,26.1,31.50,89,1010.8,S,1,6,,
8,329,386.8,19,,,,22.3,26.1,32.20,89,1010.5,S,1,6,,
9,329,239.6,16,,,,27.6,25.8,31.40,89,1010.8,S,0,5,,
10,329,180.2,10,,,,27.4,25.0,29.40,88,1012.4,W,1,5,,
11,329,91.9,6,,,,27.4,24.4,28.10,86,1013.8,NE,1,4,,
12,329,28.0,5,,,,26.4,23.6,27.60,85,1013.8,NE,1,5,,
1,431,113.1,14,25.9,29.6,22.2,25.6,23.7,28.2,86,1013.1,E,2,6,1,0
2,431,69.8,9,26.3,30.3,22.4,25.9,23.8,28.1,84,1013.2,E,2,6,0,0
3,431,82.5,8,27.2,31.4,23.1,26.8,24.5,29.1,83,1012.5,E,2,5,1,0
4,431,100.8,8,28.4,32.8,24.1,28.2,25.5,30.7,81,1011.1,E,2,5,5,2
5,431,193.4,10,28.8,33.3,24.3,28.6,26.0,31.8,82,1009.3,E,1,5,17,9
6,431,276.8,14,28.3,32.7,23.9,28.2,25.9,31.9,84,1008.6,E,1,6,18,12
7,431,279.6,16,27.8,31.9,23.6,27.5,25.6,31.4,86,1008.0,E,1,7,15,9
8,431,201.3,13,27.9,32.0,23.7,27.6,25.6,31.5,86,1007.9,E,1,7,11,7
9,431,212.4,13,27.9,32.0,23.7,27.5,25.6,31.6,86,1008.4,E,1,6,12,8
10,431,306.6,15,27.6,31.6,23.5,27.3,25.4,31.1,86,1009.4,E,1,6,12,7
11,431,297.4,17,27.2,31.0,23.4,26.9,25.2,30.8,87,1010.6,E,2,6,7,3
12,431,274.6,19,26.3,29.9,22.8,26.1,24.5,29.6,88,1011.6,E,2,7,2,1
1,133,183.9,16,23.8,26.8,20.7,23.8,22.0,25.3,86,1015.5,E,4,5,0,0
2,133,110.7,9,24.1,27.4,20.7,23.9,22.1,25.4,86,1015.1,E,3,4,0,0
3,133,68.4,8,25.3,28.8,21.8,25.2,23.3,27.4,85,1013.8,E,3,4,0,0
4,133,49.7,5,27.3,31.2,23.5,27.5,25.2,30.5,83,1011.7,E,2,3,0,0
5,133,132.6,9,28.6,32.4,24.8,28.6,26.5,33.1,85,1009.2,E,2,4,2,2
6,133,161.4,7,29.0,32.8,25.2,29.0,27.1,34.4,85,1007.5,W,2,5,2,3
7,133,205.0,10,28.7,32.3,25.1,28.8,27.0,34.2,86,1006.9,W,2,5,2,1
8,133,306.1,15,28.4,31.8,25.0,28.4,26.8,34.0,87,1006.0,W,3,6,3,2
9,133,379.1,16,28.0,31.3,24.7,28.0,26.4,33.1,88,1007.7,E,3,5,1,1
10,133,259.8,15,27.2,30.2,24.2,27.1,25.3,31.3,86,1010.5,NE,3,5,1,1
11,133,304.7,16,26.4,29.3,23.5,26.3,24.5,29.7,87,1012.8,NE,4,5,0,0
12,133,320.8,19,24.3,27.2,21.4,24.3,22.6,26.4,87,1014.6,NE,4,6,0,0
1,336,295.4,16,24.0,27.8,20.1,23.8,22.3,26.1,89,1014.4,NE,2,6,0,0
2,336,250.7,13,24.3,28.3,20.2,24.0,22.5,26.4,88,1014.4,NE,2,6,0,0
3,336,239.6,13,25.4,29.7,21.1,25.1,23.5,28.0,88,1013.3,NE,2,5,0,0
4,336,174.7,11,26.9,31.6,22.3,26.8,25.0,30.7,87,1011.6,NE,2,5,1,3
5,336,235.7,13,28.1,32.8,23.5,28.1,26.1,32.7,86,1009.3,S,1,5,9,12
6,336,217.3,13,28.5,33.0,23.9,28.5,26.5,33.4,86,1008.2,S,2,5,7,13
7,336,298.9,15,28.0,32.3,23.7,27.9,26.1,32.7,87,1007.1,SW,2,6,7,10
8,336,216.2,13,28.0,32.4,23.7,28.0,26.1,32.6,86,1006.4,SW,2,6,6,10
9,336,285.0,15,27.7,32.1,23.3,27.5,25.8,32.2,88,1007.5,NE,2,6,7,11
10,336,469.8,15,26.9,31.1,22.7,26.7,25.0,30.7,88,1009.4,NE,2,6,4,5
11,336,645.7,18,25.9,29.7,22.1,25.7,24.2,29.4,89,1011.6,NE,3,6,1,1
12,336,665.3,18,24.7,28.2,21.3,24.6,23.2,27.8,90,1013.3,NE,3,6,0,0
1,546,520.1,21,26.0,29.3,22.7,26.0,24.5,29.9,89,1012.1,NE,3,7,1,0
2,546,310.5,15,26.2,29.9,22.5,26.2,24.4,29.4,87,1012.5,NE,3,6,1,0
3,546,312.4,15,26.7,30.7,22.6,26.7,24.8,30.1,86,1012.0,NE,2,5,2,1
4,546,152.5,11,27.6,32.0,23.2,27.7,25.5,31.2,84,1011.0,NE,2,5,5,1
5,546,162.9,10,28.5,33.1,23.9,28.4,26.0,32.2,83,1009.6,NE,2,5,12,7
6,546,217.3,13,28.4,32.9,24.0,28.2,25.9,32.1,84,1009.1,S,2,6,13,8
7,546,221.9,14,28.1,32.3,23.9,27.8,25.7,31.7,85,1008.5,SW,2,7,11,7
8,546,167.7,11,28.5,32.8,24.1,28.2,25.7,31.6,83,1008.3,SW,2,7,8,5
9,546,205.8,12,28.2,32.6,23.9,27.9,25.7,31.6,84,1008.7,SW,2,7,8,8
10,546,331.9,17,27.6,31.6,23.6,27.5,25.6,31.7,86,1009.2,NE,2,7,8,5
11,546,457.8,22,27.1,30.8,23.5,27.1,25.4,31.5,88,1010.0,NE,2,6,6,2
12,546,689.9,24,26.6,29.9,23.3,26.5,25.1,31.0,89,1010.9,NE,3,7,3,1
1,548,295.7,16,26.7,30.8,22.7,26.2,24.1,28.8,85,1011.3,NE,1,5,1,0
2,548,208.3,12,27.0,31.4,22.6,26.5,24.1,28.5,82,1011.7,NE,1,5,1,0
3,548,190.9,13,28.6,32.4,23.2,27.3,24.6,29.2,81,1011.2,NE,1,4,2,0
4,548,123.7,11,28.8,33.5,24.1,28.4,25.4,30.5,79,1010.2,NE,1,4,3,1
5,548,179.0,12,29.5,33.9,25.0,29.1,26.1,31.8,79,1009.0,SW,1,4,8,3
6,548,229.8,15,29.2,33.4,25.0,28.7,26.0,31.9,81,1008.6,SW,1,5,9,3
7,548,291.5,17,28.8,32.7,24.9,28.4,25.8,31.5,82,1007.1,SW,1,6,8,3
8,548,195.7,12,29.1,32.9,25.3,28.8,25.9,31.6,80,1008.0,SW,2,6,5,2
9,548,280.3,15,28.9,32.8,24.9,28.5,25.9,31.7,81,1008.4,SW,1,6,7,3
10,548,299.4,19,28.4,32.3,24.4,27.8,25.6,31.3,84,1008.6,W,1,5,8,2
11,548,292.8,19,27.8,31.9,23.8,27.3,25.2,30.7,85,1009.2,NE,1,5,4,1
12,548,403.9,20,27.3,31.2,23.4,26.7,24.8,30.2,86,1010.0,NE,1,5,2,0
1,327,13.6,3,25.5,30.0,21.0,25.0,21.0,22.4,70,1014.0,NW,3,6,0,0
2,327,16.3,3,26.0,30.9,21.1,25.6,21.2,22.4,68,1014.1,ENE,3,5,0,0
3,327,52.5,3,27.5,32.5,22.4,27.0,22.1,23.5,66,1012.9,E,3,5,1,1
4,327,60.6,5,28.9,34.0,23.8,28.5,23.4,25.4,65,1011.5,E,2,6,5,4
5,327,196.1,13,28.8,33.3,24.4,28.2,24.3,28.0,74,1009.8,S,2,6,14,9
6,327,254.1,16,28.0,31.9,24.1,27.4,24.5,29.0,80,1009.3,S,2,7,13,10
7,327,514.6,20,27.3,30.8,23.7,26.5,24.3,29.0,84,1008.7,S,2,7,15,9
8,327,695.1,22,27.0,30.3,23.7,26.2,24.3,29.3,86,1008.4,S,2,7,13,7
9,327,305.5,18,27.2,30.8,23.6,26.4,24.3,29.0,84,1009.2,S,2,7,13,8
10,327,201.6,11,27.3,31.2,23.4,26.8,23.7,27.4,78,1010.3,W,2,6,6,7
11,327,97.0,7,27.0,31.1,23.0,26.5,23.0,25.9,75,1011.7,NW,3,6,1,2
12,327,47.5,5,26.3,30.4,22.1,25.7,22.1,24.3,73,1012.8,NW,3,6,0,0
1,526,19.2,3,28.0,32.5,23.5,27.5,24.4,28.7,78,1010.5,E,2,6,0,0
2,526,22.9,2,28.1,32.7,23.6,27.7,24.3,28.2,76,1010.7,E,2,5,0,1
3,526,15.4,3,28.7,33.1,24.3,28.5,24.9,29.1,75,1010.3,E,2,5,0,1
4,526,37.0,4,29.5,34.1,24.9,29.4,25.7,30.8,76,1009.1,E,2,5,2,4
5,526,186.9,11,29.3,33.5,25.0,29.1,26.3,32.3,81,1007.1,S,2,6,10,12
6,526,318.7,17,28.3,32.1,24.6,28.1,26.1,32.5,86,1007.8,S,1,7,11,13
7,526,521.5,21,27.5,30.9,24.1,27.3,25.6,31.9,88,1007.6,S,1,8,9,10
8,526,471.7,19,27.7,31.1,24.3,27.3,25.7,31.9,88,1007.6,S,2,8,8,8
9,526,470.4,20,27.6,31.2,24.1,27.2,25.6,31.9,89,1007.9,SW,1,8,8,9
10,526,241.2,14,28.2,32.1,24.2,27.7,25.8,32.0,86,1008.1,E,1,7,7,12
11,526,107.1,7,28.6,32.8,24.4,28.2,25.6,31.3,82,1008.4,E,2,6,2,6
12,526,90.3,6,28.2,32.3,24.1,27.8,25.0,29.8,80,1009.1,E,2,6,1,2
1,851,88.5,10,27.7,32.6,22.8,28.0,24.6,28.6,76,1010.8,NNW,2,7,4,14
2,851,94.8,9,28.0,33.1,23.0,28.2,24.6,28.5,75,1010.9,NNW,2,6,4,12
3,851,117.4,10,28.4,33.6,23.3,28.6,24.8,28.8,74,1010.8,NNW,2,6,6,15
4,851,140.6,10,28.8,34.0,23.5,28.9,25.1,29.3,74,1010.5,NNW,2,6,11,19
5,851,252.9,16,28.3,33.4,23.2,28.5,24.9,29.2,75,1009.3,NNW,2,7,15,25
6,851,312.9,19,27.7,32.5,22.8,27.9,24.7,28.9,77,1010.3,NNW,2,7,12,23
7,851,314.9,19,27.4,32.2,22.7,27.8,24.6,28.7,77,1010.4,NNW,2,7,9,22
8,851,239.1,15,27.6,32.3,22.8,27.8,24.6,28.8,77,1010.5,NNW,2,7,8,22
9,851,251.9,16,27.6,32.4,22.9,27.9,24.6,28.8,77,1010.3,NNW,2,7,9,20
10,851,278.9,16,27.7,32.4,22.9,27.9,24.7,28.9,77,1010.2,NNW,2,7,12,24
11,851,189.9,14,27.9,32.9,23.0,28.1,24.7,28.9,76,1009.8,NNW,2,7,11,21
12,851,132.5,11,27.9,32.8,22.9,28.1,24.7,28.8,76,1009.9,NNW,2,6,6,18
1,324,5.1,2,26.9,31.2,22.5,26.2,21.7,23.0,67,1012.7,ENE,4,4,1,1
2,324,4.5,2,27.4,32.1,22.7,26.7,21.8,23.0,66,1012.8,ENE,4,3,1,1
3,324,13.2,2,28.6,33.6,23.6,27.9,22.8,24.5,65,1011.8,ENE,4,3,1,2
4,324,18.2,3,29.8,34.7,25.0,29.2,24.1,26.7,66,1010.6,ENE,4,3,2,3
5,324,301.6,10,29.5,33.6,25.4,29.1,25.0,29.1,73,1009.1,SW,3,5,9,9
6,324,470.3,16,28.4,32.0,24.9,28.1,25.1,29.9,79,1008.8,SW,3,6,9,11
7,324,805.1,21,27.7,31.1,24.4,27.3,24.8,29.6,82,1008.2,SW,3,6,10,10
8,324,864.0,23,27.5,30.5,24.4,27.1,24.7,29.7,83,1008.1,SW,4,7,9,8
9,324,680.2,19,27.6,30.9,24.3,27.1,24.7,29.6,83,1008.6,SW,3,6,9,9
10,324,225.1,11,28.0,31.8,24.2,27.5,24.3,28.3,77,1009.5,ENE,3,5,6,8
11,324,73.2,5,28.0,31.9,24.0,27.4,23.5,26.5,73,1010.5,ENE,3,4,2,3
12,324,32.6,4,27.3,31.3,23.4,26.7,22.4,24.4,70,1011.6,ENE,4,4,1,1
1,630,15.0,3,28.0,30.6,25.3,27.5,25.2,30.6,83,1011.5,NE,3,5,0,0
2,630,7.1,3,28.1,31.0,25.3,27.7,25.2,30.5,82,1011.8,NE,3,4,0,0
3,630,25.5,3,28.8,31.9,25.7,28.3,25.7,31.5,82,1011.5,NE,2,4,0,0
4,630,35.0,3,29.7,33.1,26.3,29.3,26.4,32.7,80,1011.1,NE,2,4,1,1
5,630,178.4,11,29.5,32.9,26.2,29.2,26.5,32.9,82,1010.4,NE,1,5,6,5
6,630,315.1,17,28.8,31.9,25.7,28.4,26.2,32.5,84,1010.1,SW,1,7,7,6
7,630,408.9,21,28.4,31.4,25.5,28.1,25.9,32.1,85,1009.8,SW,1,7,6,3
8,630,380.4,19,28.5,31.4,25.6,28.2,26.0,32.3,84,1009.9,SW,2,7,5,3
9,630,315.5,19,28.5,31.5,25.6,28.1,26.0,32.3,85,1010.2,SW,1,7,4,2
10,630,260.8,14,28.7,31.7,25.7,28.4,26.1,32.4,84,1010.2,NE,2,6,4,4
11,630,105.6,6,29.0,31.9,26.1,28.6,26.1,32.3,82,1010.2,NE,2,5,1,1
12,630,71.0,5,28.3,30.9,25.7,28.0,25.6,31.4,83,1010.9,NE,3,5,0,0
1,440,301.9,19,26.1,28.7,23.6,25.8,24.3,29.6,89,1013.1,E,4,6,1,0
2,440,226.8,13,26.2,29.0,23.3,25.9,24.4,29.7,89,1013.3,E,4,5,1,0
3,440,186.5,12,27.0,30.0,24.0,26.8,25.2,31.0,88,1012.5,E,3,5,2,1
4,440,125.1,8,28.2,31.6,24.9,28.1,26.4,33.3,88,1011.0,E,3,4,5,3
5,440,151.8,10,29.0,32.8,25.3,28.7,26.9,34.4,87,1009.3,E,2,5,15,16
6,440,183.6,12,28.9,32.8,25.1,28.6,26.8,34.2,88,1008.4,S,2,6,17,21
7,440,243.9,15,28.4,32.0,24.8,27.9,26.4,33.6,89,1007.6,S,3,6,16,18
8,440,177.3,12,28.5,32.1,24.9,28.0,26.4,33.5,89,1007.3,SW,3,6,14,14
9,440,266.9,15,28.2,31.8,24.5,27.6,26.2,33.2,90,1008.0,S,2,6,15,16
10,440,489.6,21,27.6,30.8,24.4,27.4,25.9,32.7,89,1009.1,NE,3,6,11,12
11,440,522.1,23,27.5,30.1,24.8,27.3,25.9,32.6,90,1010.5,E,4,6,6,5
12,440,687.3,23,26.7,29.1,24.3,26.5,25.2,31.2,90,1011.7,NE,4,6,2,1
1,325,5.7,2,25.9,30.7,21.0,25.9,23.4,27.3,81,1012.4,S,3,4,0,0
2,325,9.5,2,26.4,31.5,21.4,26.4,23.8,27.9,81,1012.4,S,3,4,0,0
3,325,23.0,3,27.8,32.9,22.8,27.7,24.8,29.4,79,1011.4,S,3,4,1,1
4,325,69.5,4,29.5,34.4,24.5,29.1,26.0,31.7,79,1009.9,S,3,4,5,4
5,325,218.2,11,29.5,34.0,25.0,29.2,26.5,32.8,81,1008.4,S,3,5,13,14
6,325,335.5,16,29.0,33.3,24.8,28.6,26.3,32.9,84,1007.8,S,2,6,17,14
7,325,532.7,20,28.1,31.9,24.4,27.8,25.9,32.3,87,1007.0,S,2,6,16,13
8,325,619.5,21,27.7,31.1,24.4,27.5,25.8,32.3,88,1006.8,S,2,7,14,10
9,325,401.6,19,27.9,31.5,24.3,27.7,25.9,32.4,87,1007.6,S,2,6,13,11
10,325,226.6,9,28.0,31.9,24.2,27.9,25.8,31.9,85,1008.6,S,3,5,7,7
11,325,54.9,5,27.6,31.8,23.4,27.5,25.2,30.7,83,1009.9,S,2,4,2,2
12,325,20.0,3,26.6,31.0,22.2,26.6,24.3,28.9,82,1011.2,S,2,4,1,1
1,440,301.9,19,26.1,28.7,23.6,25.8,24.3,29.6,89,1013.1,E,4,6,1,0
2,440,226.8,13,26.2,29.0,23.3,25.9,24.4,29.7,89,1013.3,E,4,5,1,0
3,440,186.5,12,27.0,30.0,24.0,26.8,25.2,31.0,88,1012.5,E,3,5,2,1
4,440,125.1,8,28.2,31.6,24.9,28.1,26.4,33.3,88,1011.0,E,3,4,5,3
5,440,151.8,10,29.0,32.8,25.3,28.7,26.9,34.4,87,1009.3,E,2,5,15,16
6,440,183.6,12,28.9,32.8,25.1,28.6,26.8,34.2,88,1008.4,S,2,6,17,21
7,440,243.9,15,28.4,32.0,24.8,27.9,26.4,33.6,89,1007.6,S,3,6,16,18
8,440,177.3,12,28.5,32.1,24.9,28.0,26.4,33.5,89,1007.3,SW,3,6,14,14
9,440,266.9,15,28.2,31.8,24.5,27.6,26.2,33.2,90,1008.0,S,2,6,15,16
10,440,489.6,21,27.6,30.8,24.4,27.4,25.9,32.7,89,1009.1,NE,3,6,11,12
11,440,522.1,23,27.5,30.1,24.8,27.3,25.9,32.6,90,1010.5,E,4,6,6,5
12,440,687.3,23,26.7,29.1,24.3,26.5,25.2,31.2,90,1011.7,NE,4,6,2,1
1,325,5.7,2,25.9,30.7,21.0,25.9,23.4,27.3,81,1012.4,S,3,4,0,0
2,325,9.5,2,26.4,31.5,21.4,26.4,23.8,27.9,81,1012.4,S,3,4,0,0
3,325,23.0,3,27.8,32.9,22.8,27.7,24.8,29.4,79,1011.4,S,3,4,1,1
4,325,69.5,4,29.5,34.4,24.5,29.1,26.0,31.7,79,1009.9,S,3,4,5,4
5,325,218.2,11,29.5,34.0,25.0,29.2,26.5,32.8,81,1008.4,S,3,5,13,14
6,325,335.5,16,29.0,33.3,24.8,28.6,26.3,32.9,84,1007.8,S,2,6,17,14
7,325,532.7,20,28.1,31.9,24.4,27.8,25.9,32.3,87,1007.0,S,2,6,16,13
8,325,619.5,21,27.7,31.1,24.4,27.5,25.8,32.3,88,1006.8,S,2,7,14,10
9,325,401.6,19,27.9,31.5,24.3,27.7,25.9,32.4,87,1007.6,S,2,6,13,11
10,325,226.6,9,28.0,31.9,24.2,27.9,25.8,31.9,85,1008.6,S,3,5,7,7
11,325,54.9,5,27.6,31.8,23.4,27.5,25.2,30.7,83,1009.9,S,2,4,2,2
12,325,20.0,3,26.6,31.0,22.2,26.6,24.3,28.9,82,1011.2,S,2,4,1,1
1,753,166.8,11,27.3,30.9,23.7,26.8,24.3,28.7,82,1010.1,N,2,6,3,4
2,753,114.4,9,27.5,31.3,23.7,27.0,24.2,28.3,80,1010.4,N,3,6,3,3
3,753,106.6,9,28.2,32.3,24.1,27.7,24.5,28.7,78,1010.2,N,2,5,5,5
4,753,114.6,9,28.9,33.1,24.7,28.5,25.2,29.9,77,1009.6,N,2,5,9,11
5,753,166.2,13,28.9,32.7,25.0,28.5,25.7,31.3,80,1009.2,S,2,6,16,20
6,753,192.7,14,28.4,32.0,24.7,28.0,25.5,31.0,82,1009.2,S,2,6,15,17
7,753,168.6,13,28.1,31.7,24.5,27.8,25.3,30.6,82,1009.0,S,2,6,13,16
8,753,167.4,12,28.2,31.8,24.5,27.9,25.3,30.5,81,1009.2,S,2,6,13,17
9,753,162.0,11,28.3,32.2,24.4,28.0,25.3,30.5,81,1008.3,S,2,6,14,17
10,753,194.8,12,28.5,32.6,24.4,28.0,25.3,30.5,81,1008.9,S,2,6,16,19
11,753,139.7,12,28.3,32.2,24.4,27.8,25.2,30.3,81,1008.7,N,2,6,12,14
12,753,141.7,11,27.9,31.6,24.2,27.5,24.9,29.8,81,1009.0,N,2,6,6,9
1,741,170.1,15,26.7,30.3,23.0,26.9,25.1,30.7,87,1010.3,NE,2,6,2,2
2,741,135.8,10,26.8,30.7,23.0,27.1,25.0,30.5,85,1010.7,NE,2,6,1,1
3,741,103.9,9,27.4,31.6,23.2,27.7,25.3,30.7,83,1010.4,NE,2,5,3,2
4,741,103.5,7,28.1,32.6,23.7,28.3,25.7,31.5,82,1009.0,NE,2,5,5,5
5,741,169.2,11,28.1,32.6,23.6,28.3,26.0,32.1,84,1009.4,NE,1,6,14,13
6,741,251.9,16,27.6,32.0,23.2,27.8,25.7,31.8,85,1009.3,W,1,6,15,12
7,741,225.5,15,27.0,31.8,22.1,27.5,25.5,31.5,86,1009.0,W,2,7,12,9
8,741,194.9,13,27.6,32.0,23.1,27.7,25.6,31.5,85,1009.1,W,2,6,10,8
9,741,182.4,14,27.5,32.0,23.0,27.6,25.6,31.4,85,1009.5,W,2,6,9,8
10,741,301.2,17,27.4,31.8,23.1,27.5,25.5,31.5,86,1009.3,W,1,6,13,11
11,741,365.5,18,27.2,31.3,23.1,27.5,25.5,31.5,86,1009.1,NE,1,6,10,9
12,741,280.3,17,27.0,30.9,23.2,27.3,25.4,31.2,86,1009.4,NE,2,6,5,4
1,642,96.7,11,26.9,26.7,24.5,26.7,24.5,29.3,84,1010.6,NE,3,6,1,2
2,642,73.7,8,26.9,26.8,24.4,26.8,24.4,29.0,83,1011.0,NE,3,5,1,2
3,642,68.2,7,27.5,27.4,24.7,27.4,24.7,29.5,81,1010.6,NE,2,5,2,3
4,642,49.1,5,28.3,28.4,25.4,28.4,25.4,30.4,79,1009.8,NE,2,4,3,6
5,642,84.5,8,28.7,28.7,25.8,28.7,25.8,31.3,79,1008.9,NE,2,5,11,19
6,642,144.0,12,28.4,28.3,25.5,28.3,25.5,30.9,81,1008.7,NE,2,6,12,21
7,642,146.0,14,28.0,27.8,25.2,27.8,25.2,30.4,82,1008.5,E,2,6,10,18
8,642,104.6,11,28.2,27.9,25.2,27.9,25.2,30.2,80,1008.5,E,2,6,8,16
9,642,116.8,12,28.1,27.8,25.2,27.8,25.2,30.3,81,1008.8,E,2,6,10,16
10,642,158.6,13,27.9,27.7,25.2,27.7,25.2,30.5,82,1008.8,NE,2,6,13,19
11,642,146.4,11,27.9,27.7,25.2,27.7,25.2,30.5,82,1009.0,NE,2,5,9,15
12,642,134.0,12,27.6,27.3,25.0,27.3,25.0,30.3,83,1009.5,NE,2,6,5,8
1,851,96.9,9,27.5,32.3,22.6,27.4,24.4,28.6,79,1009.6,NE,2,5,2,2
2,851,53.0,7,27.9,32.9,22.8,27.7,24.4,28.4,76,1009.9,NE,2,5,2,2
3,851,55.3,6,28.5,34.0,23.0,28.3,24.7,28.7,75,1009.9,NE,2,5,2,3
4,851,54.1,6,28.9,34.3,23.5,28.8,25.2,29.7,75,1009.4,S,2,5,4,5
5,851,72.2,8,28.5,33.5,23.6,28.4,25.3,30.3,78,1009.3,S,2,5,7,8
6,851,101.9,12,27.7,32.2,23.1,27.6,25.0,30.0,82,1009.5,S,1,6,6,5
7,851,98.1,11,27.2,31.7,22.8,27.1,24.7,29.7,83,1009.5,S,1,6,4,4
8,851,91.3,11,27.3,31.7,22.8,27.2,24.7,29.6,82,1009.7,S,1,6,4,4
9,851,83.3,10,27.5,32.2,22.8,27.4,24.8,29.6,81,1009.7,S,1,6,5,5
10,851,99.6,10,27.7,32.6,22.8,27.6,24.9,29.8,81,1009.3,S,1,5,6,6
11,851,77.5,8,27.9,32.8,23.0,27.8,25.0,29.8,80,1008.7,S,2,5,5,5
12,851,74.9,8,27.8,32.6,23.0,27.7,24.7,29.3,79,1008.6,W,2,5,3,3
1,558,411.5,21,26.2,28.6,23.9,26.3,24.8,30.5,89,1011.9,NE,6,6,1,1
2,558,289.5,17,26.4,29.0,23.9,26.4,24.7,30.2,88,1012.3,NE,6,6,0,1
3,558,247.1,16,27.0,29.8,24.3,27.0,25.2,30.9,87,1012.0,NE,5,6,1,2
4,558,148.1,13,28.1,31.1,25.1,27.9,26.0,32.4,86,1011.1,NE,4,5,2,5
5,558,136.7,12,28.9,32.1,25.6,28.6,26.7,33.7,86,1010.0,E,3,5,5,13
6,558,207.9,16,28.5,31.7,25.2,28.3,26.5,33.4,87,1009.8,E,3,6,6,17
7,558,217.8,14,28.0,31.1,24.9,27.9,26.1,32.7,87,1009.2,W,3,6,7,18
8,558,149.4,10,28.4,31.5,25.2,28.2,26.2,32.7,86,1009.0,W,3,6,7,16
9,558,177.1,12,28.3,31.6,25.1,28.1,26.1,32.6,86,1009.4,W,3,6,9,19
10,558,269.6,17,27.9,30.9,25.0,27.7,26.0,32.6,88,1009.6,NE,3,6,7,17
11,558,487.8,21,27.3,29.9,24.7,27.3,25.7,32.2,89,1009.9,NE,4,6,5,9
12,558,501.0,24,26.7,29.1,24.4,26.7,25.4,31.8,91,1010.5,NE,5,6,2,5
1,755,833.0,24,26.4,29.6,23.3,26.1,24.6,30.0,89,1010.7,W,2,6,2,2
2,755,600.5,21,26.5,29.8,23.2,26.2,24.5,29.8,87,1011.2,W,2,6,1,2
3,755,451.5,21,27.0,30.5,23.4,26.8,24.9,30.3,86,1011.0,E,2,5,1,3
4,755,329.7,18,27.8,31.5,24.0,27.6,25.5,31.4,85,1010.3,E,2,5,3,5
5,755,291.0,17,28.4,32.3,24.5,28.1,26.0,32.2,85,1009.5,E,2,5,8,13
6,755,269.1,16,28.3,32.3,24.3,27.9,25.8,31.8,85,1009.3,W,2,6,8,12
7,755,241.2,14,28.3,32.5,24.1,27.8,25.5,31.2,84,1008.9,W,2,6,9,14
8,755,201.9,13,28.6,32.9,24.2,28.0,25.5,31.0,82,1008.9,W,2,6,9,14
9,755,189.7,12,28.4,32.8,24.0,27.9,25.5,31.0,83,1009.2,W,2,6,11,14
10,755,264.3,16,28.2,32.4,24.0,27.7,25.5,31.1,84,1009.1,W,2,5,10,16
11,755,463.2,20,27.5,31.2,23.8,27.1,25.3,31.1,87,1009.2,W,2,5,5,8
12,755,626.5,23,27.0,30.4,23.7,26.7,25.1,30.8,88,1009.6,W,2,6,3,4
1,324,5.3,2,26.1,30.9,21.3,26.1,22.9,26.1,77,1012.3,NW,3,4,0,0
2,324,9.4,2,26.4,31.2,21.6,26.5,23.2,26.4,76,1012.4,E,3,4,0,1
3,324,14.6,3,27.2,31.9,22.5,27.3,24.0,27.9,76,1011.6,NW,3,3,1,2
4,324,40.8,4,28.6,33.2,24.0,28.9,25.2,29.9,75,1010.4,NW,2,4,5,7
5,324,247.1,10,28.5,32.8,24.2,28.8,25.6,31.0,79,1008.8,E,2,5,15,19
6,324,495.3,17,27.8,31.8,23.9,27.9,25.5,31.1,83,1008.2,S,3,6,18,20
7,324,857.3,22,27.0,30.6,23.4,27.0,25.1,30.7,86,1007.5,S,3,6,17,18
8,324,929.1,23,26.7,30.1,23.3,26.8,25.0,30.7,87,1007.5,S,3,7,15,15
9,324,612.0,19,26.9,30.4,23.4,26.9,25.0,30.7,86,1008.2,E,2,6,15,16
10,324,254.6,11,27.5,31.4,23.5,27.5,25.0,30.2,82,1008.9,NW,2,5,10,15
11,324,65.3,5,27.4,31.6,23.2,27.5,24.6,29.2,80,1010.1,NW,2,4,3,7
12,324,20.9,3,26.9,31.3,22.5,26.9,23.8,27.6,78,1011.1,E,2,4,1,2
1,637,38.8,6,26.5,30.3,22.7,24.1,23.2,28.6,83,1011.4,NE,4,5,0,1
2,637,36.3,5,27.0,31.0,23.0,24.3,23.3,28.7,81,1011.3,NE,4,5,0,1
3,637,48.2,6,27.9,32.3,23.5,24.9,23.8,29.5,78,1010.9,NE,4,4,1,2
4,637,68.5,5,29.1,33.8,24.4,25.6,24.4,30.6,76,1009.9,NE,3,4,4,5
5,637,160.4,9,28.9,33.2,24.6,25.8,24.7,31.1,78,1009.3,SW,3,5,12,17
6,637,263.0,16,28.2,32.1,24.4,25.6,24.6,31.0,80,1009.2,SW,2,6,17,27
7,637,361.2,18,27.6,31.0,24.1,25.2,24.4,30.6,82,1009.0,SW,3,6,13,21
8,637,350.7,17,27.5,31.0,24.0,25.2,24.3,30.5,83,1008.8,SW,3,6,12,14
9,637,277.8,15,27.6,31.1,24.0,25.2,24.4,30.6,83,1009.3,SW,3,6,9,15
10,637,224.9,15,27.7,31.5,23.9,25.2,24.3,30.5,82,1009.4,NE,2,6,14,21
11,637,131.1,11,27.5,31.4,23.7,25.0,24.1,30.2,82,1009.4,NNE,3,5,5,14
12,637,124.2,9,26.8,30.6,23.0,24.4,23.6,29.2,83,1010.4,NE,3,5,3,5
1,434,348.9,22,25.2,28.0,22.4,25.0,23.6,28.2,89,1014.2,N,2,6,0,0
2,434,289.0,15,25.4,28.6,22.3,25.2,23.6,28.1,88,1014.2,N,2,6,0,0
3,434,220.7,14,26.5,30.0,23.0,26.3,24.5,29.6,87,1013.4,N,2,5,1,1
4,434,175.0,11,27.9,31.8,24.1,27.9,25.6,31.4,84,1011.8,N,1,5,2,2
5,434,203.7,13,29.0,33.2,24.8,28.8,26.3,32.6,83,1009.6,N,1,5,12,13
6,434,233.4,15,29.2,33.5,24.9,28.9,26.3,32.7,82,1008.7,S,1,6,13,14
7,434,265.6,16,28.7,32.7,24.6,28.3,25.9,31.9,83,1007.8,S,1,6,11,12
8,434,193.0,13,28.8,32.8,24.9,28.4,25.8,31.7,82,1007.4,S,1,6,8,9
9,434,251.1,15,28.5,32.5,24.5,28.1,25.8,31.9,84,1008.2,N,1,6,9,11
10,434,498.6,21,27.5,31.1,24.0,27.3,25.5,31.6,87,1009.7,N,2,6,8,7
11,434,561.8,23,26.9,29.9,23.8,26.8,25.2,31.2,89,1011.9,N,2,6,3,2
12,434,746.3,25,25.7,28.4,23.1,25.7,24.4,29.8,90,1012.9,N,2,7,1,1
1,132,149.1,15,21.5,24.6,18.3,22.0,20.0,22.3,84,1019.4,E,4,6,0,0
2,132,70.0,9,21.8,25.0,18.6,22.2,20.3,22.8,85,1018.7,E,4,5,0,0
3,132,49.8,6,23.3,26.7,19.9,23.8,21.8,25.0,85,1017.1,E,3,5,0,0
4,132,61.5,5,25.1,28.5,21.8,25.6,23.7,28.2,86,1014.9,E,3,5,1,1
5,132,187.8,11,27.0,30.2,23.8,27.2,25.4,31.4,87,1012.2,E,3,5,3,3
6,132,191.9,10,28.2,31.5,25.0,28.5,26.7,33.9,87,1010.8,SE,2,5,3,5
7,132,254.0,13,28.1,31.3,24.9,28.3,26.6,33.7,88,1009.8,W,3,5,4,4
8,132,365.8,16,27.8,30.8,24.7,27.9,26.4,33.5,89,1009.0,W,3,6,4,4
9,132,292.6,14,27.3,30.3,24.3,27.5,25.8,32.3,88,1010.5,E,3,5,3,3
10,132,272.8,13,25.8,28.9,22.7,26.4,24.6,29.7,87,1014.3,ENE,4,5,2,2
11,132,224.5,14,24.4,27.5,21.3,24.9,23.1,27.3,86,1017.1,ENE,4,6,1,1
12,132,158.2,16,22.3,25.4,19.2,22.8,20.9,23.7,85,1019.3,NE,4,6,0,0
1,223,6.1,2,25.2,30.6,19.8,24.7,21.4,23.5,75,1013.2,N,3,3,1,1
2,223,3.0,2,25.8,31.2,20.4,25.3,21.9,24.2,75,1013.1,N,3,3,1,1
3,223,5.3,1,27.2,32.5,21.9,27.0,23.3,26.4,74,1011.1,N,3,3,1,1
4,223,21.8,2,28.6,33.6,23.6,28.6,25.0,29.5,75,1010.6,NNW,2,3,4,3
5,223,218.8,8,29.2,33.7,24.7,29.1,25.9,31.4,78,1008.8,W,2,4,16,11
6,223,286.5,12,28.9,33.1,24.8,28.7,26.1,32.3,82,1007.9,SW,3,5,19,15
7,223,478.9,16,28.4,32.2,24.5,27.9,25.9,32.1,86,1007.1,SW,3,6,19,13
8,223,593.7,17,28.0,31.6,24.4,27.5,25.7,32.0,87,1006.8,SW,3,6,15,11
9,223,412.9,13,27.9,31.8,24.1,27.4,25.6,31.6,87,1007.8,SW,2,6,14,10
10,223,117.2,7,27.8,32.1,23.5,27.4,24.7,29.4,80,1009.1,NE,3,4,5,5
11,223,36.6,4,27.4,32.0,22.8,27.0,23.9,27.7,78,1010.8,NE,3,4,2,2
12,223,6.2,2,26.3,31.1,21.4,25.8,22.4,24.9,75,1012.2,NE,3,4,1,1
1,444,346.5,18,26.1,28.9,23.3,25.8,23.8,28.3,85,1012.4,NE,3,6,1,1
2,444,251.0,13,26.3,29.4,23.3,26.1,23.9,28.3,84,1012.7,NE,3,5,1,0
3,444,232.1,14,27.0,30.2,23.9,26.9,24.6,29.6,84,1012.2,NE,3,5,2,1
4,444,152.0,12,28.2,31.7,24.8,28.2,25.6,31.3,82,1010.9,NE,2,4,3,2
5,444,197.9,13,29.0,32.5,25.6,28.9,26.3,32.7,82,1009.4,E,2,5,8,8
6,444,215.9,14,28.8,32.3,25.3,28.7,26.3,32.6,83,1008.8,E,2,5,9,11
7,444,281.1,18,28.2,31.5,24.9,27.9,25.8,31.9,85,1008.0,SW,2,6,10,10
8,444,222.5,16,28.3,31.5,25.0,27.9,25.8,31.8,84,1007.9,WSW,2,6,9,8
9,444,279.9,17,28.1,31.5,24.8,27.8,25.7,31.8,85,1008.4,SW,2,6,10,9
10,444,321.9,18,27.8,31.1,24.4,27.5,25.5,31.4,86,1009.0,NE,2,6,8,8
11,444,450.3,20,27.4,30.4,24.4,27.2,25.3,31.1,86,1010.0,NE,2,6,5,5
12,444,642.0,22,26.7,29.4,24.0,26.5,24.7,30.0,87,1011.0,NE,3,6,2,2
1,747,97.6,10,25.8,29.8,21.7,25.2,23.2,27.2,85,1010.2,N,2,5,3,1
2,747,85.3,8,26.0,30.3,21.6,25.3,23.1,27.0,84,1010.3,N,2,5,2,1
3,747,57.6,6,26.7,31.4,21.9,26.0,23.4,27.2,81,1010.1,N,2,4,5,2
4,747,62.1,6,27.6,32.6,22.7,27.0,24.0,27.9,79,1009.4,N,2,4,7,4
5,747,128.9,11,28.1,33.0,23.3,27.3,24.4,28.9,80,1008.9,N,2,5,17,10
6,747,220.1,16,27.5,32.1,22.9,26.5,24.2,28.8,83,1009.0,S,1,5,17,9
7,747,247.3,17,27.2,31.7,22.6,26.2,24.0,28.4,84,1009.0,S,1,6,16,8
8,747,197.4,14,27.4,32.2,22.6,26.4,23.9,28.2,82,1009.1,S,1,6,13,8
9,747,220.8,15,27.3,32.1,22.5,26.3,23.9,28.2,83,1009.4,S,2,6,15,8
10,747,191.6,14,27.0,31.5,22.4,26.1,23.9,28.4,84,1009.1,S,2,5,16,11
11,747,127.1,10,26.7,31.1,22.2,26.0,23.9,28.3,84,1008.8,S,2,5,10,7
12,747,137.5,9,26.3,30.4,22.1,25.7,23.6,28.0,85,1009.2,S,2,5,5,4
1,648,289.2,16,26.3,29.5,23.2,26.0,24.1,28.8,85,1010.7,NE,2,6,1,8
2,648,198.2,12,26.6,30.1,23.2,26.3,24.5,29.1,85,1010.7,E,2,5,1,6
3,648,142.7,10,27.3,31.0,23.6,26.9,24.5,29.1,82,1010.1,E,2,5,1,6
4,648,71.9,7,28.2,32.1,24.3,27.8,24.1,28.3,76,1009.4,E,2,4,2,6
5,648,95.3,8,28.7,32.6,24.7,28.4,25.7,31.2,80,1008.8,E,2,4,5,14
6,648,160.6,11,28.1,31.7,24.5,27.9,25.4,30.9,82,1008.8,E,2,5,5,16
7,648,209.6,14,27.6,31.1,24.2,27.5,25.2,30.6,83,1008.7,SW,2,6,7,16
8,648,202.6,14,27.7,31.1,24.3,27.5,25.3,30.8,84,1008.9,SW,2,6,8,15
9,648,236.6,14,27.6,31.1,24.1,27.4,25.1,30.5,84,1019.2,N,2,6,8,16
10,648,232.8,15,27.6,31.1,24.0,27.3,25.1,30.4,84,1009.1,N,2,5,8,16
11,648,213.7,15,27.3,30.8,23.8,27.0,24.8,29.9,84,1009.2,N,2,5,4,12
12,648,285.6,17,26.7,29.9,23.5,26.4,24.4,29.3,85,1009.7,N,2,5,2,10
1,646,135.1,12,26.8,29.7,24.0,26.6,24.4,29.0,84,1011.6,NE,4,6,2,2
2,646,88.9,9,27.0,30.0,24.0,26.8,24.3,28.6,82,1012.0,NE,4,5,2,2
3,646,60.9,7,27.8,31.0,24.6,27.7,24.8,29.4,80,1011.6,NE,3,5,2,3
4,646,55.6,5,28.8,32.2,25.5,28.8,25.5,30.5,78,1010.7,NE,3,4,3,4
5,646,94.4,9,29.4,32.8,26.0,29.3,26.1,31.7,79,1009.7,NE,3,5,11,13
6,646,180.7,13,28.9,32.3,25.5,28.6,25.9,31.7,81,1009.5,SW,2,6,13,15
7,646,210.6,15,28.3,31.6,25.1,28.0,25.6,31.1,83,1009.3,SW,3,6,14,14
8,646,157.9,13,28.5,31.9,25.2,28.2,25.5,30.9,82,1009.3,SW,3,6,13,12
9,646,190.4,14,28.4,31.9,25.0,28.0,25.5,31.0,82,1009.6,SW,3,6,14,15
10,646,207.6,15,28.2,31.4,24.9,27.9,25.6,31.2,84,1009.6,SW,2,6,16,16
11,646,131.0,12,28.0,31.0,25.0,27.8,25.5,31.0,83,1010.0,NE,3,6,7,9
12,646,171.9,14,27.4,30.3,24.6,27.2,25.1,30.3,85,1010.4,NE,3,6,5,5
1,751,174.8,14,23.5,29.1,17.9,23.3,21.5,24.5,86,1010.0,S,1,6,2,1
2,751,112.8,10,23.6,29.7,17.6,23.4,21.4,24.2,84,1010.3,E,1,5,2,1
3,751,104.1,10,24.2,30.7,17.7,24.1,21.7,24.5,82,1010.1,S,1,5,2,2
4,751,118.3,10,25.0,31.6,18.3,24.8,22.3,25.4,81,1009.3,S,1,5,5,3
5,751,240.1,17,25.2,31.1,19.2,25.1,22.9,26.6,84,1009.0,S,1,6,11,6
6,751,319.5,20,24.6,29.9,19.2,24.4,22.7,26.5,87,1009.1,S,1,6,9,6
7,751,350.2,21,24.0,29.1,19.0,23.8,22.3,26.0,88,1009.2,S,1,7,10,6
8,751,300.7,19,24.0,29.2,18.9,23.8,22.3,25.9,88,1009.3,S,1,7,10,6
9,751,290.8,20,24.1,29.5,18.8,23.8,22.3,25.9,88,1009.5,S,1,7,11,7
10,751,292.1,19,24.3,29.8,18.8,24.0,22.4,26.1,87,1009.2,S,1,6,10,7
11,751,177.6,15,24.3,30.1,18.5,24.1,22.3,25.8,86,1008.9,S,1,6,5,4
12,751,160.9,14,24.0,29.8,18.3,23.9,22.0,25.4,86,1009.2,S,1,6,3,3
1,543,195.0,14,26.9,30.4,23.4,26.4,24.5,29.6,86,1011.9,NE,2,6,1,0
2,543,113.5,10,27.2,31.0,23.4,26.7,24.5,29.5,84,1012.1,E,2,6,0,0
3,543,111.0,8,28.0,32.0,24.0,27.5,25.0,30.2,83,1011.6,E,1,5,1,1
4,543,50.3,5,29.1,33.2,24.9,28.6,25.8,31.5,80,1010.5,E,1,4,2,1
5,543,126.8,8,29.7,33.7,25.7,29.3,26.4,32.7,80,1009.1,E,2,5,7,6
6,543,144.8,11,29.4,33.3,25.5,29.0,26.3,32.5,82,1008.8,ESE,2,6,8,8
7,543,209.1,15,28.8,32.5,25.1,28.4,25.9,31.9,83,1008.2,SW,2,7,7,6
8,543,168.9,14,28.8,32.5,25.1,28.4,25.9,31.7,82,1008.0,SW,2,7,6,6
9,543,205.2,15,28.8,32.5,25.0,28.3,25.9,31.8,83,1008.6,WSW,2,6,8,7
10,543,203.9,14,28.6,32.4,24.9,28.2,25.8,31.8,84,1009.0,WSW,1,6,7,6
11,543,204.6,15,28.3,31.9,24.7,27.9,25.7,31.7,85,1009.7,E,1,6,3,2
12,543,293.5,17,27.5,30.9,24.1,27.1,25.2,30.9,86,1010.6,NE,2,6,2,1
1,429,11.5,3,                       ,,,,,,,,,,,,
2,429,9.5,3,,,,,,,,,,,,,
3,429,10.3,3,,,,,,,,,,,,,
4,429,9.0,3,,,,,,,,,,,,,
5,429,57.1,7,,,,,,,,,,,,,
6,429,100.5,11,,,,,,,,,,,,,
7,429,158.7,16,,,,,,,,,,,,,
8,429,208.0,16,,,,,,,,,,,,,
9,429,159.2,16,,,,,,,,,,,,,
10,429,93.5,11,,,,,,,,,,,,,
11,429,76.2,8,,,,,,,,,,,,,
12,429,54.1,8,,,,,,,,,,,,,
,,,,,,,,,,,,,,,,
,,,,,,,,,,,,,,,,
,,,,,,,,,,,,,,,,
,,,,,,,,,,,,,,,,
,,,,,,,,,,,,,,,,
,,,,,,,,,,,,,,,,
,,,,,,,,,,,,,,,,
,,,,,,,,,,,,,,,,
,,,,,,,,,,,,,,,,
,,,,,,,,,,,,,,,,
,,,,,,,,,,,,,,,,
,,,,,,,,,,,,,,,,
,,,,,,,,,,,,,,,,
,,,,,,,,,,,,,,,,
,,,,,,,,,,,,,,,,
,,,,,,,,,,,,,,,,
,,,,,,,,,,,,,,,,
,,,,,,,,,,,,,,,,
,,,,,,,,,,,,,,,,
,,,,,,,,,,,,,,,,
,,,,,,,,,,,,,,,,
,,,,,,,,,,,,,,,,
,,,,,,,,,,,,,,,,
,,,,,,,,,,,,,,,,
,,,,,,,,,,,,,,,,
,,,,,,,,,,,,,,,,
,,,,,,,,,,,,,,,,
,,,,,,,,,,,,,,,,
,,,,,,,,,,,,,,,,
,,,,,,,,,,,,,,,,
,,,,,,,,,,,,,,,,
,,,,,,,,,,,,,,,,
,,,,,,,,,,,,,,,,
,,,,,,,,,,,,,,,,
,,,,,,,,,,,,,,,,
,,,,,,,,,,,,,,,,
,,,,,,,,,,,,,,,,
,,,,,,,,,,,,,,,,
,,,,,,,,,,,,,,,,
,,,,,,,,,,,,,,,,
,,,,,,,,,,,,,,,,
,,,,,,,,,,,,,,,,
,,,,,,,,,,,,,,,,
,,,,,,,,,,,,,,,,
,,,,,,,,,,,,,,,,
,,,,,,,,,,,,,,,,
,,,,,,,,,,,,,,,,
,,,,,,,,,,,,,,,,
,,,,,,,,,,,,,,,,
,,,,,,,,,,,,,,,,
,,,,,,,,,,,,,,,,
,,,,,,,,,,,,,,,,
,,,,,,,,,,,,,,,,
,,,,,,,,,,,,,,,,
,,,,,,,,,,,,,,,,
,,,,,,,,,,,,,,,,
,,,,,,,,,,,,,,,,
,,,,,,,,,,,,,,,,
,,,,,,,,,,,,,,,,
,,,,,,,,,,,,,,,,
,,,,,,,,,,,,,,,,
,,,,,,,,,,,,,,,,
,,,,,,,,,,,,,,,,
,,,,,,,,,,,,,,,,
,,,,,,,,,,,,,,,,
,,,,,,,,,,,,,,,,
,,,,,,,,,,,,,,,,
,,,,,,,,,,,,,,,,
,,,,,,,,,,,,,,,,
,,,,,,,,,,,,,,,,
,,,,,,,,,,,,,,,,
,,,,,,,,,,,,,,,,
,,,,,,,,,,,,,,,,
,,,,,,,,,,,,,,,,
,,,,,,,,,,,,,,,,
,,,,,,,,,,,,,,,,
,,,,,,,,,,,,,,,,
,,,,,,,,,,,,,,,,
,,,,,,,,,,,,,,,,
,,,,,,,,,,,,,,,,
,,,,,,,,,,,,,,,,
,,,,,,,,,,,,,,,,
,,,,,,,,,,,,,,,,
,,,,,,,,,,,,,,,,
,,,,,,,,,,,,,,,,
,,,,,,,,,,,,,,,,
,,,,,,,,,,,,,,,,
,,,,,,,,,,,,,,,,
,,,,,,,,,,,,,,,,
,,,,,,,,,,,,,,,,
,,,,,,,,,,,,,,,,
,,,,,,,,,,,,,,,,
,,,,,,,,,,,,,,,,
,,,,,,,,,,,,,,,,
,,,,,,,,,,,,,,,,
,,,,,,,,,,,,,,,,
,,,,,,,,,,,,,,,,
,,,,,,,,,,,,,,,,
,,,,,,,,,,,,,,,,
,,,,,,,,,,,,,,,,
,,,,,,,,,,,,,,,,
,,,,,,,,,,,,,,,,
,,,,,,,,,,,,,,,,
,,,,,,,,,,,,,,,,
,,,,,,,,,,,,,,,,
,,,,,,,,,,,,,,,,
,,,,,,,,,,,,,,,,
,,,,,,,,,,,,,,,,
,,,,,,,,,,,,,,,,
,,,,,,,,,,,,,,,,
,,,,,,,,,,,,,,,,
,,,,,,,,,,,,,,,,
,,,,,,,,,,,,,,,,
,,,,,,,,,,,,,,,,
,,,,,,,,,,,,,,,,
,,,,,,,,,,,,,,,,
,,,,,,,,,,,,,,,,
,,,,,,,,,,,,,,,,
,,,,,,,,,,,,,,,,
,,,,,,,,,,,,,,,,
,,,,,,,,,,,,,,,,
,,,,,,,,,,,,,,,,
,,,,,,,,,,,,,,,,
,,,,,,,,,,,,,,,,
,,,,,,,,,,,,,,,,
,,,,,,,,,,,,,,,,
,,,,,,,,,,,,,,,,
,,,,,,,,,,,,,,,,
,,,,,,,,,,,,,,,,
,,,,,,,,,,,,,,,,
,,,,,,,,,,,,,,,,
,,,,,,,,,,,,,,,,
,,,,,,,,,,,,,,,,
,,,,,,,,,,,,,,,,
,,,,,,,,,,,,,,,,
,,,,,,,,,,,,,,,,
,,,,,,,,,,,,,,,,
,,,,,,,,,,,,,,,,
,,,,,,,,,,,,,,,,
,,,,,,,,,,,,,,,,
,,,,,,,,,,,,,,,,
,,,,,,,,,,,,,,,,
,,,,,,,,,,,,,,,,
,,,,,,,,,,,,,,,,
,,,,,,,,,,,,,,,,
,,,,,,,,,,,,,,,,
,,,,,,,,,,,,,,,,
,,,,,,,,,,,,,,,,
,,,,,,,,,,,,,,,,
,,,,,,,,,,,,,,,,
,,,,,,,,,,,,,,,,
,,,,,,,,,,,,,,,,
,,,,,,,,,,,,,,,,
,,,,,,,,,,,,,,,,
,,,,,,,,,,,,,,,,
,,,,,,,,,,,,,,,,
,,,,,,,,,,,,,,,,
,,,,,,,,,,,,,,,,
,,,,,,,,,,,,,,,,
,,,,,,,,,,,,,,,,
,,,,,,,,,,,,,,,,
,,,,,,,,,,,,,,,,
,,,,,,,,,,,,,,,,
,,,,,,,,,,,,,,,,
,,,,,,,,,,,,,,,,
,,,,,,,,,,,,,,,,
,,,,,,,,,,,,,,,,
,,,,,,,,,,,,,,,,
,,,,,,,,,,,,,,,,
,,,,,,,,,,,,,,,,
,,,,,,,,,,,,,,,,
,,,,,,,,,,,,,,,,
,,,,,,,,,,,,,,,,
,,,,,,,,,,,,,,,,
,,,,,,,,,,,,,,,,
,,,,,,,,,,,,,,,,
,,,,,,,,,,,,,,,,
,,,,,,,,,,,,,,,,
,,,,,,,,,,,,,,,,
,,,,,,,,,,,,,,,,
,,,,,,,,,,,,,,,,
,,,,,,,,,,,,,,,,
,,,,,,,,,,,,,,,,
,,,,,,,,,,,,,,,,
,,,,,,,,,,,,,,,,
,,,,,,,,,,,,,,,,
,,,,,,,,,,,,,,,,
,,,,,,,,,,,,,,,,
,,,,,,,,,,,,,,,,
,,,,,,,,,,,,,,,,
,,,,,,,,,,,,,,,,
,,,,,,,,,,,,,,,,
,,,,,,,,,,,,,,,,
,,,,,,,,,,,,,,,,
,,,,,,,,,,,,,,,,
,,,,,,,,,,,,,,,,
,,,,,,,,,,,,,,,,
,,,,,,,,,,,,,,,,
,,,,,,,,,,,,,,,,
,,,,,,,,,,,,,,,,
,,,,,,,,,,,,,,,,
,,,,,,,,,,,,,,,,
,,,,,,,,,,,,,,,,
,,,,,,,,,,,,,,,,
,,,,,,,,,,,,,,,,
,,,,,,,,,,,,,,,,
,,,,,,,,,,,,,,,,
,,,,,,,,,,,,,,,,
,,,,,,,,,,,,,,,,
,,,,,,,,,,,,,,,,
,,,,,,,,,,,,,,,,
,,,,,,,,,,,,,,,,
,,,,,,,,,,,,,,,,
,,,,,,,,,,,,,,,,
,,,,,,,,,,,,,,,,
,,,,,,,,,,,,,,,,
,,,,,,,,,,,,,,,,
,,,,,,,,,,,,,,,,
,,,,,,,,,,,,,,,,
,,,,,,,,,,,,,,,,
,,,,,,,,,,,,,,,,
,,,,,,,,,,,,,,,,
,,,,,,,,,,,,,,,,
,,,,,,,,,,,,,,,,
,,,,,,,,,,,,,,,,
,,,,,,,,,,,,,,,,
,,,,,,,,,,,,,,,,
,,,,,,,,,,,,,,,,
,,,,,,,,,,,,,,,,
,,,,,,,,,,,,,,,,
,,,,,,,,,,,,,,,,
,,,,,,,,,,,,,,,,
,,,,,,,,,,,,,,,,
,,,,,,,,,,,,,,,,
,,,,,,,,,,,,,,,,
,,,,,,,,,,,,,,,,
,,,,,,,,,,,,,,,,
,,,,,,,,,,,,,,,,
,,,,,,,,,,,,,,,,
,,,,,,,,,,,,,,,,
